gravity = {0.1, 0}
v_topwall = {0, 0}
v_bottomwall = {0, 0}
Lx, Ly, Lz = 1.5125, 1
dp = 0.025
H = 0.025
Mass = 0.000625
umax = 0.24037
nu = 0.01
Re =  0.48074
rho_0 = 1
gamma = 1
xi = 0
c = 2.4037
B = 5.77777
Pbackground = 17.3333
CFLnumber = 0.2
SCENARIO = 3
BC_TYPE = 1
KERNEL = 1
DENSITY_TYPE = 0
