gravity: 9.81
Re: 184.752
L: 1
nu: 0.0814695
alpha: 0.1
umax: 15.0517
cbar: 150.517
B: 3.23646e+06
