gravity_x:  0
gravity_y:  0
gravity_z:  0.1
Re: 125
L: 1
nu: 0.01
umax: 1.25
alpha: 500
cbar: 12.5
B: 156.25
Pbackground: 1562.5
rho_zero: 1
gamma: 1
dp: 0.025
xi: 0
H: 0.025
H/dp: 1
CFLnumber: 0.1
BC_TYPE: 0
SCENARIO: 0
MassOld: 0.000625
MassFluid_OLD: 0.000625
MassBoundary_OLD: 0.000625
MassFluid: 0.000625
MassBoundary: 0.000625
