gravity_x:  0
gravity_y:  0
gravity_z:  0.1
Re: 0.0125
L: 1
nu: 1
computed_nu: 1
umax: 0.0125
alpha: 500
cbar: 0.125
B: 0.015625
Pbackground: 0.03125
rho_zero: 1
gamma: 1
dp: 0.025
xi: 0
H: 0.025
H/dp: 1
CFLnumber: 0.1
BC_TYPE: 0
VISC_TYPE: 1
PRESSURE_TYPE: 1
TENSILE: 0
SCENARIO: 0
MassOld: 0.000625
MassFluid_OLD: 0.000625
MassBoundary_OLD: 0.000625
MassFluid: 0.00090264
MassBoundary: 0.00090264
